
index =

   300


index =

   299


index =

   299


index =

   299


index =

   299


index =

   299


index =

   299


index =

   299


index =

   300


index =

   300


index =

   300


index =

   300


index =

   300


index =

   300


index =

   300


index =

   300


index =

   300


index =

   300


index =

   300


index =

   300


index =

   300


index =

   300


index =

   300


index =

   300


index =

   300


index =

   300


index =

   300


index =

   300


index =

   301


index =

   301


index =

   301


index =

   301


index =

   301


index =

   301


index =

   301


index =

   302


index =

   302


index =

   302


index =

   302


index =

   302


index =

   302


index =

   302


index =

   303


index =

   303


index =

   303


index =

   303


index =

   303


index =

   303


index =

   303


index =

   304


index =

   304


index =

   304


index =

   304


index =

   304


index =

   304


index =

   304


index =

   305


index =

   305


index =

   305


index =

   305


index =

   305


index =

   305


index =

   306


index =

   306


index =

   306


index =

   306


index =

   306


index =

   306


index =

   306


index =

   307


index =

   307


index =

   307


index =

   307


index =

   307


index =

   307


index =

   307


index =

   308


index =

   308


index =

   308


index =

   308


index =

   308


index =

   308


index =

   308


index =

   309


index =

   309


index =

   309


index =

   309


index =

   309


index =

   309


index =

   309


index =

   310


index =

   310


index =

   310


index =

   310


index =

   310


index =

   310


index =

   311


index =

   311


index =

   311


index =

   311


index =

   311


index =

   311


index =

   311


index =

   312


index =

   312


index =

   312


index =

   312


index =

   312


index =

   312


index =

   312


index =

   313


index =

   313


index =

   313


index =

   313


index =

   313


index =

   313


index =

   313


index =

   314


index =

   314


index =

   314


index =

   314


index =

   314


index =

   314


index =

   314


index =

   315


index =

   315


index =

   315


index =

   315


index =

   315


index =

   315


index =

   316


index =

   316


index =

   316


index =

   316


index =

   316


index =

   316


index =

   316


index =

   317


index =

   317


index =

   317


index =

   317


index =

   317


index =

   317


index =

   317


index =

   318


index =

   318


index =

   318


index =

   318


index =

   318


index =

   318


index =

   318


index =

   319


index =

   319


index =

   319


index =

   319


index =

   319


index =

   319


index =

   319


index =

   320


index =

   320


index =

   320


index =

   320


index =

   320


index =

   320


index =

   321


index =

   321


index =

   321


index =

   321


index =

   321


index =

   321


index =

   321


index =

   322


index =

   322


index =

   322


index =

   322


index =

   322


index =

   322


index =

   322


index =

   323


index =

   323


index =

   323


index =

   323


index =

   323


index =

   323


index =

   323


index =

   324


index =

   324


index =

   324


index =

   324


index =

   324


index =

   324


index =

   325


index =

   325


index =

   325


index =

   325


index =

   325


index =

   325


index =

   325


index =

   326


index =

   326


index =

   326


index =

   326


index =

   326


index =

   326


index =

   326


index =

   327


index =

   327


index =

   327


index =

   327


index =

   327


index =

   327


index =

   327


index =

   328


index =

   328


index =

   328


index =

   328


index =

   328


index =

   328


index =

   328


index =

   329


index =

   329


index =

   329


index =

   329


index =

   329


index =

   329


index =

   330


index =

   330


index =

   330


index =

   330


index =

   330


index =

   330


index =

   330


index =

   331


index =

   331


index =

   331


index =

   331


index =

   331


index =

   331


index =

   331


index =

   332


index =

   332


index =

   332


index =

   332


index =

   332


index =

   332


index =

   332


index =

   333


index =

   333


index =

   333


index =

   333


index =

   333


index =

   333


index =

   333


index =

   334


index =

   334


index =

   334


index =

   334


index =

   334


index =

   334


index =

   335


index =

   335


index =

   335


index =

   335


index =

   335


index =

   335


index =

   335


index =

   336


index =

   336


index =

   336


index =

   336


index =

   336


index =

   336


index =

   336


index =

   337


index =

   337


index =

   337


index =

   337


index =

   337


index =

   337


index =

   337


index =

   338


index =

   338


index =

   338


index =

   338


index =

   338


index =

   338


index =

   338


index =

   339


index =

   339


index =

   339


index =

   339


index =

   339


index =

   339


index =

   340


index =

   340


index =

   340


index =

   340


index =

   340


index =

   340


index =

   340


index =

   341


index =

   341


index =

   341


index =

   341


index =

   341


index =

   341


index =

   341


index =

   342


index =

   342


index =

   342


index =

   342


index =

   342


index =

   342


index =

   342


index =

   343


index =

   343


index =

   343


index =

   343


index =

   343


index =

   343


index =

   344


index =

   344


index =

   344


index =

   344


index =

   344


index =

   344


index =

   344


index =

   345


index =

   345


index =

   345


index =

   345


index =

   345


index =

   345


index =

   345


index =

   346


index =

   346


index =

   346


index =

   346


index =

   346


index =

   346


index =

   346


index =

   347


index =

   347


index =

   347


index =

   347


index =

   347


index =

   347


