
index =

     1


t_cmd =

    0.0942


index =

     1


t_cmd =

    0.0942


index =

     1


t_cmd =

    0.0942


index =

     1


t_cmd =

    0.0942


index =

     1


t_cmd =

    0.0942


index =

     1


t_cmd =

    0.0942


index =

     1


t_cmd =

    0.0942


index =

     1


t_cmd =

    0.0942


index =

     1


t_cmd =

    0.0942


index =

     1


t_cmd =

    0.0942


index =

     2


t_cmd =

    0.0942


index =

     2


t_cmd =

    0.0942


index =

     2


t_cmd =

    0.0942


index =

     2


t_cmd =

    0.0942


index =

     2


t_cmd =

    0.0942


index =

     2


t_cmd =

    0.0942


index =

     2


t_cmd =

    0.0942


index =

     2


t_cmd =

    0.0942


index =

     2


t_cmd =

    0.0942


index =

     2


t_cmd =

    0.0942


index =

     3


t_cmd =

    0.0942


index =

     3


t_cmd =

    0.0942


index =

     3


t_cmd =

    0.0942


index =

     3


t_cmd =

    0.0942


index =

     3


t_cmd =

    0.0942


index =

     3


t_cmd =

    0.0942


index =

     3


t_cmd =

    0.0942


index =

     3


t_cmd =

    0.0942


index =

     3


t_cmd =

    0.0942


index =

     3


t_cmd =

    0.0942


index =

     3


t_cmd =

    0.0942


index =

     4


t_cmd =

    0.0942


index =

     4


t_cmd =

    0.0942


index =

     4


t_cmd =

    0.0942


index =

     4


t_cmd =

    0.0942


index =

     4


t_cmd =

    0.0942


index =

     4


t_cmd =

    0.0942


index =

     4


t_cmd =

    0.0942


index =

     4


t_cmd =

    0.0942


index =

     4


t_cmd =

    0.0942


index =

     4


t_cmd =

    0.0942


index =

     5


t_cmd =

    0.0942


index =

     5


t_cmd =

    0.0942


index =

     5


t_cmd =

    0.0942


index =

     5


t_cmd =

    0.0942


index =

     5


t_cmd =

    0.0942


index =

     5


t_cmd =

    0.0942


index =

     5


t_cmd =

    0.0942


index =

     5


t_cmd =

    0.0942


index =

     5


t_cmd =

    0.0942


index =

     5


t_cmd =

    0.0942


index =

     6


t_cmd =

    0.0942


index =

     6


t_cmd =

    0.0942


index =

     6


t_cmd =

    0.0942


index =

     6


t_cmd =

    0.0942


index =

     6


t_cmd =

    0.0942


index =

     6


t_cmd =

    0.0942


index =

     6


t_cmd =

    0.0942


index =

     6


t_cmd =

    0.0942


index =

     6


t_cmd =

    0.0942


index =

     6


t_cmd =

    0.0942


index =

     7


t_cmd =

    0.0942


index =

     7


t_cmd =

    0.0942


index =

     7


t_cmd =

    0.0942


index =

     7


t_cmd =

    0.0942


index =

     7


t_cmd =

    0.0942


index =

     7


t_cmd =

    0.0942


index =

     7


t_cmd =

    0.0942


index =

     7


t_cmd =

    0.0942


index =

     7


t_cmd =

    0.0942


index =

     7


t_cmd =

    0.0942


index =

     8


t_cmd =

    0.0942


index =

     8


t_cmd =

    0.0942


index =

     8


t_cmd =

    0.0942


index =

     8


t_cmd =

    0.0942


index =

     8


t_cmd =

    0.0942


index =

     8


t_cmd =

    0.0942


index =

     8


t_cmd =

    0.0942


index =

     8


t_cmd =

    0.0942


index =

     8


t_cmd =

    0.0942


index =

     8


t_cmd =

    0.0942


index =

     9


t_cmd =

    0.0942


index =

     9


t_cmd =

    0.0942


index =

     9


t_cmd =

    0.0942


index =

     9


t_cmd =

    0.0942


index =

     9


t_cmd =

    0.0942


index =

     9


t_cmd =

    0.0942


index =

     9


t_cmd =

    0.0942


index =

     9


t_cmd =

    0.0942


index =

     9


t_cmd =

    0.0942


index =

     9


t_cmd =

    0.0942


index =

    10


t_cmd =

    0.0942


index =

    10


t_cmd =

    0.0942


index =

    10


t_cmd =

    0.0942


index =

    10


t_cmd =

    0.0942


index =

    10


t_cmd =

    0.0942


index =

    10


t_cmd =

    0.0942


index =

    10


t_cmd =

    0.0942


index =

    10


t_cmd =

    0.0942


index =

    10


t_cmd =

    0.0942


index =

    10


t_cmd =

    0.0942


index =

    11


t_cmd =

    0.0942


index =

    11


t_cmd =

    0.0942


index =

    11


t_cmd =

    0.0942


index =

    11


t_cmd =

    0.0942


index =

    11


t_cmd =

    0.0942


index =

    11


t_cmd =

    0.0942


index =

    11


t_cmd =

    0.0942


index =

    11


t_cmd =

    0.0942


index =

    11


t_cmd =

    0.0942


index =

    11


t_cmd =

    0.0942


index =

    12


t_cmd =

    0.0942


index =

    12


t_cmd =

    0.0942


index =

    12


t_cmd =

    0.0942


index =

    12


t_cmd =

    0.0942


index =

    12


t_cmd =

    0.0942


index =

    12


t_cmd =

    0.0942


index =

    12


t_cmd =

    0.0942


index =

    12


t_cmd =

    0.0942


index =

    12


t_cmd =

    0.0942


index =

    12


t_cmd =

    0.0942


index =

    13


t_cmd =

    0.0942


index =

    13


t_cmd =

    0.0942


index =

    13


t_cmd =

    0.0942


index =

    13


t_cmd =

    0.0942


index =

    13


t_cmd =

    0.0942


index =

    13


t_cmd =

    0.0942


index =

    13


t_cmd =

    0.0942


index =

    13


t_cmd =

    0.0942


index =

    13


t_cmd =

    0.0942


index =

    13


t_cmd =

    0.0942


index =

    14


t_cmd =

    0.0942


index =

    14


t_cmd =

    0.0942


index =

    14


t_cmd =

    0.0942


index =

    14


t_cmd =

    0.0942


index =

    14


t_cmd =

    0.0942


index =

    14


t_cmd =

    0.0942


index =

    14


t_cmd =

    0.0942


index =

    14


t_cmd =

    0.0942


index =

    14


t_cmd =

    0.0942


index =

    14


t_cmd =

    0.0942


index =

    15


t_cmd =

    0.0942


index =

    15


t_cmd =

    0.0942


index =

    15


t_cmd =

    0.0942


index =

    15


t_cmd =

    0.0942


index =

    15


t_cmd =

    0.0942


index =

    15


t_cmd =

    0.0942


index =

    15


t_cmd =

    0.0942


index =

    15


t_cmd =

    0.0942


index =

    15


t_cmd =

    0.0942


index =

    15


t_cmd =

    0.0942


index =

    16


t_cmd =

    0.0942


index =

    16


t_cmd =

    0.0942


index =

    16


t_cmd =

    0.0942


index =

    16


t_cmd =

    0.0942


index =

    16


t_cmd =

    0.0942


index =

    16


t_cmd =

    0.0942


index =

    16


t_cmd =

    0.0942


index =

    16


t_cmd =

    0.0942


index =

    16


