
index =

     1

{インデックスが配列範囲を超えています。

エラー: <a href="matlab:matlab.internal.language.introspective.errorDocCallback('Control', 'C:\Users\issei\Desktop\2018_Hoppingrover\entry01\Control.m', 32)" style="font-weight:bold">Control</a> (<a href="matlab: opentoline('C:\Users\issei\Desktop\2018_Hoppingrover\entry01\Control.m',32,0)">line 32</a>)
t_cmd = myInput(1)

エラー: <a href="matlab:matlab.internal.language.introspective.errorDocCallback('HRmain', 'C:\Users\issei\Desktop\2018_Hoppingrover\HRmain.m', 42)" style="font-weight:bold">HRmain</a> (<a href="matlab: opentoline('C:\Users\issei\Desktop\2018_Hoppingrover\HRmain.m',42,0)">line 42</a>)
			t_cmd = Control(pos,vel,the,omg,posT,t_,smt_,state);

エラー: <a href="matlab:matlab.internal.language.introspective.errorDocCallback('ga', 'C:\Users\issei\Desktop\2018_Hoppingrover\ga.m', 9)" style="font-weight:bold">ga</a> (<a href="matlab: opentoline('C:\Users\issei\Desktop\2018_Hoppingrover\ga.m',9,0)">line 9</a>)
    HRmain;
} 
ga

myInput =

  1 列から 13 列

    0.8644   -1.9654    0.5750    0.6434   -0.4663   -0.1430    1.1795   -0.4852   -0.2781    1.3168    0.7746    0.7379   -0.5506

  14 列から 26 列

    0.0418   -0.9257    0.1014   -0.9417    1.6414   -0.0440    0.4840   -1.0865   -0.3408   -1.6430   -0.5650   -1.5328   -0.5509

  27 列から 39 列

    0.8674    0.7341   -0.0155   -0.8106   -0.4984   -0.0010    2.0184   -0.8509   -1.1075   -0.1639    1.7790   -0.2662   -1.3900

  40 列から 52 列

    0.9709    1.2367    1.1172   -0.4113   -0.3830   -1.6541    0.6054   -0.3146   -0.1086    0.0239   -2.3262   -0.4101    0.1587

  53 列から 65 列

    0.5614   -1.3969   -0.1683    1.4793   -0.8218   -0.0046   -1.2545    0.5451    0.3013   -0.1467    1.5776    0.2038    0.9511

  66 列から 78 列

    0.7647    0.9525    0.2119   -0.0679    0.0627   -1.2993    2.0831    1.3617   -1.1712    1.0497    0.0305   -0.7388    0.6513

  79 列から 91 列

   -0.0633    0.5274   -0.3610    0.1240   -0.1040    1.0188    0.2358    1.2818    0.3407   -0.1514    0.3719   -0.7445    1.2214

  92 列から 104 列

   -1.1960   -0.3270    0.8759   -0.6574   -0.5109   -1.9000    0.8928    0.1493   -1.2041   -1.7486   -2.2723    1.2227   -0.3622

  105 列から 117 列

   -0.2220    0.0242    0.9849    0.3451   -0.9454   -1.4173    1.8847    2.6591   -1.5998   -1.0576    0.7699    1.4101   -1.2831

  118 列から 130 列

   -0.0419   -0.4768    1.4871   -0.3853   -2.2842    0.5707   -0.3444   -0.4371   -0.6616   -1.0070   -0.1640    1.3888    1.5606

  131 列から 143 列

    0.7497   -0.4431    1.1990   -0.3334   -2.3988   -0.6273    0.6503    0.5791    0.8435    0.7932   -0.8997    1.0579   -1.2483

  144 列から 156 列

   -0.3734   -0.4304    0.2336   -0.9177   -0.7925    0.6190   -0.0870   -1.1207   -0.2679   -0.0326   -0.2218   -0.4771    0.6822

  157 列から 169 列

    0.2325    0.3174    1.6081    1.1088    0.1670   -0.7199   -0.4553    0.2333   -0.2791   -0.9801   -0.3236   -0.7899    0.9546

  170 列から 182 列

    0.3771   -1.1251   -0.7302    1.5566    1.1074   -1.1000   -0.1847    0.7625   -0.4344   -1.3969    0.8162   -0.3475    0.0158

  183 列から 195 列

   -0.8741    0.1038   -0.1536   -0.1687   -0.1874   -2.4205   -0.6426    2.9507    1.3745   -1.7041   -2.4004   -0.6490   -0.1498

  196 列から 208 列

    0.7941   -1.2983    0.8868   -0.6934   -0.4080   -0.2788   -0.4752    0.1069    0.1357   -0.0677   -1.7518   -0.8732    0.2662

  209 列から 221 列

    0.7632    1.4587   -1.3508   -0.3130    1.3213    0.1704   -0.7664   -0.0567    0.1448    0.1418    0.2726   -0.0328   -1.2799

  222 列から 234 列

    0.9271    0.7196    1.8360   -0.5881    1.0900   -0.3663   -0.1068    0.1656   -1.7666   -0.5103    0.7302   -0.5350   -0.7364

  235 列から 247 列

   -0.5204   -0.6317    1.0451   -1.1897   -1.2652   -0.4902   -1.5816   -0.5312    0.0029   -1.8282   -0.4709    0.8937   -0.2030

  248 列から 260 列

   -0.4381   -0.7074   -0.1132   -0.1268    1.3129   -1.8876   -0.6497    0.0983    0.3318    0.7504    1.4719    0.1711    1.8548

  261 列から 273 列

   -0.0770   -0.4989    0.6421   -0.1532    0.5978    0.4271   -0.5114    1.2071   -1.2803   -1.3046    0.5042    0.3663   -0.2665

  274 列から 286 列

   -0.2063    0.0371    1.1951    0.0891   -0.2106   -0.5718   -2.4091    0.0467    1.3482    0.2026    0.8388   -0.9459   -0.0386

  287 列から 299 列

    0.3657   -1.3294    1.3882   -2.4354    0.8674    0.7974    1.6530    0.0776    1.4386   -1.5134   -0.3580   -0.1192   -0.6140

  300 列

   -1.0467

