
index =

   300


index =

   300


index =

   300


index =

   300


index =

   300


index =

   300


index =

   300


index =

   300


index =

   300


index =

   300


index =

   300


index =

   300


index =

   300


index =

   301


index =

   301


index =

   301


index =

   301


index =

   301


index =

   301


index =

   302


index =

   302


index =

   302


index =

   302


index =

   303


index =

   303


index =

   303


index =

   303


index =

   304


index =

   304


index =

   304


index =

   305


index =

   305


index =

   305


index =

   305


index =

   306


index =

   306


index =

   306


index =

   307


index =

   307


index =

   307


index =

   307


index =

   308


index =

   308


index =

   308


index =

   309


index =

   309


index =

   309


index =

   309


index =

   310


index =

   310


index =

   310


index =

   311


index =

   311


index =

   311


index =

   311


index =

   312


index =

   312


index =

   312


index =

   313


index =

   313


index =

   313


index =

   314


index =

   314


index =

   314


index =

   314


index =

   315


index =

   315


index =

   315


index =

   316


index =

   316


index =

   316


index =

   316


index =

   317


index =

   317


index =

   317


index =

   318


index =

   318


index =

   318


index =

   318


index =

   319


index =

   319


index =

   319


index =

   320


index =

   320


index =

   320


index =

   320


index =

   321


index =

   321


index =

   321


index =

   322


index =

   322


index =

   322


index =

   322


index =

   323


index =

   323


index =

   323


index =

   324


index =

   324


index =

   324


index =

   324


index =

   325


index =

   325


index =

   325


index =

   326


index =

   326


index =

   326


index =

   326


index =

   327


index =

   327


index =

   327


index =

   328


index =

   328


index =

   328


index =

   329


index =

   329


index =

   329


index =

   329


index =

   330


index =

   330


index =

   330


index =

   331


index =

   331


index =

   331


index =

   331


index =

   332


index =

   332


index =

   332


index =

   333


index =

   333


index =

   333


index =

   333


index =

   334


index =

   334


index =

   334


index =

   335


index =

   335


index =

   335


index =

   335


index =

   336


index =

   336


index =

   336


index =

   337


index =

   337


index =

   337


index =

   337


index =

   338


index =

   338


index =

   338


index =

   339


index =

   339


index =

   339


index =

   339


index =

   340


index =

   340


index =

   340


index =

   341


index =

   341


index =

   341


index =

   341


index =

   342


index =

   342


index =

   342


index =

   343


index =

   343


index =

   343


index =

   343


index =

   344


index =

   344


index =

   344


index =

   345


index =

   345


index =

   345


index =

   346


index =

   346


index =

   346


index =

   346


index =

   347


index =

   347


index =

   347


index =

   348


index =

   348


index =

   348


index =

   348


index =

   349


index =

   349


index =

   349


index =

   350


index =

   350


index =

   350


index =

   350


index =

   351


index =

   351


index =

   351


index =

   352


index =

   352


index =

   352


index =

   352


index =

   353


index =

   353


index =

   353


index =

   354


index =

   354


index =

   354


index =

   354


index =

   355


index =

   355


index =

   355


index =

   356


index =

   356


index =

   356


index =

   356


index =

   357


index =

   357


index =

   357


index =

   358


index =

   358


index =

   358


index =

   358


index =

   359


index =

   359


index =

   359


index =

   360


index =

   360


index =

   360


index =

   361


index =

   361


index =

   361


index =

   361


index =

   362


index =

   362


index =

   362


index =

   363


index =

   363


index =

   363


index =

   363


index =

   364


index =

   364


index =

   364


index =

   365


index =

   365


index =

   365


index =

   365


index =

   366


index =

   366


index =

   366


index =

   367


index =

   367


index =

   367


index =

   367


index =

   368


index =

   368


index =

   368


index =

   369


index =

   369


index =

   369


index =

   369


index =

   370


index =

   370


index =

   370


index =

   371


index =

   371


index =

   371


index =

   371


index =

   372


index =

   372


index =

   372


index =

   373


index =

   373


index =

   373


index =

   373


index =

   374


index =

   374


index =

   374


index =

   375


index =

   375


index =

   375


index =

   376


index =

   376


index =

   376


index =

   376


index =

   377


index =

   377


index =

   377


index =

   378


index =

   378


index =

   378


index =

   378


index =

   379


index =

   379


index =

   379


index =

   380


index =

   380


index =

   380


index =

   380


index =

   381


index =

   381


index =

   381


index =

   382


index =

   382


index =

   382


index =

   382


index =

   383


index =

   383


index =

   383


index =

   384


index =

   384


index =

   384


index =

   384


index =

   385


index =

   385


index =

   385


index =

   386


index =

   386


index =

   386


index =

   386


index =

   387


index =

   387


index =

   387


index =

   388


index =

   388


index =

   388


index =

   388


index =

   389


index =

   389


index =

   389


index =

   390


index =

   390


index =

   390


index =

   390


index =

   391


index =

   391


index =

   391


index =

   392


index =

   392


index =

   392


index =

   393


index =

   393


index =

   393


index =

   393


index =

   394


index =

   394


index =

   394


index =

   395


index =

   395


index =

   395


index =

   395


index =

   396


