
index =

   300


index =

   299


index =

   299


index =

   299


index =

   299


index =

   299


index =

   299


index =

   299


index =

   299


index =

   299


index =

   299


index =

   299


index =

   299


index =

   299


index =

   299


index =

   299


index =

   299


index =

   299


index =

   299


index =

   299


index =

   299


index =

   299


index =

   299


index =

   299


index =

   299


index =

   298


index =

   298


index =

   298


index =

   298


index =

   298


index =

   298


index =

   298


index =

   298


index =

   298


index =

   297


index =

   297


index =

   297


index =

   297


index =

   297


index =

   297


index =

   296


index =

   296


index =

   296


index =

   296


index =

   296


index =

   296


index =

   296


index =

   295


index =

   295


index =

   295


index =

   295


index =

   295


index =

   295


index =

   294


index =

   294


index =

   294


index =

   294


index =

   294


index =

   294


index =

   293


index =

   293


index =

   293


index =

   293


index =

   293


index =

   293


index =

   293


index =

   292


index =

   292


index =

   292


index =

   292


index =

   292


index =

   292


index =

   291


index =

   291


index =

   291


index =

   291


index =

   291


index =

   291


index =

   291


index =

   290


index =

   290


index =

   290


index =

   290


index =

   290


index =

   290


index =

   289


index =

   289


index =

   289


index =

   289


index =

   289


index =

   289


index =

   288


index =

   288


index =

   288


index =

   288


index =

   288


index =

   288


index =

   288


index =

   287


index =

   287


index =

   287


index =

   287


index =

   287


index =

   287


index =

   286


index =

   286


index =

   286


index =

   286


index =

   286


index =

   286


index =

   286


index =

   285


index =

   285


index =

   285


index =

   285


index =

   285


index =

   285


index =

   284


index =

   284


index =

   284


index =

   284


index =

   284


index =

   284


index =

   283


index =

   283


index =

   283


index =

   283


index =

   283


index =

   283


index =

   283


index =

   282


index =

   282


index =

   282


index =

   282


index =

   282


index =

   282


index =

   281


index =

   281


index =

   281


index =

   281


index =

   281


index =

   281


index =

   281


index =

   280


index =

   280


index =

   280


index =

   280


index =

   280


index =

   280


index =

   279


index =

   279


index =

   279


index =

   279


index =

   279


index =

   279


index =

   278


index =

   278


index =

   278


index =

   278


index =

   278


index =

   278


index =

   278


index =

   277


index =

   277


index =

   277


index =

   277


index =

   277


index =

   277


index =

   276


index =

   276


index =

   276


index =

   276


index =

   276


index =

   276


index =

   276


index =

   275


index =

   275


index =

   275


index =

   275


index =

   275


index =

   275


index =

   274


index =

   274


index =

   274


index =

   274


index =

   274


index =

   274


index =

   273


index =

   273


index =

   273


index =

   273


index =

   273


index =

   273


index =

   273


index =

   272


index =

   272


index =

   272


index =

   272


index =

   272


index =

   272


index =

   271


index =

   271


index =

   271


index =

   271


index =

   271


index =

   271


index =

   271


index =

   270


index =

   270


index =

   270


index =

   270


index =

   270


index =

   270


index =

   269


index =

   269


index =

   269


index =

   269


index =

   269


index =

   269


index =

   268


index =

   268


index =

   268


index =

   268


index =

   268


index =

   268


index =

   268


index =

   267


index =

   267


index =

   267


index =

   267


index =

   267


index =

   267


index =

   266


index =

   266


index =

   266


index =

   266


index =

   266


index =

   266


index =

   266


index =

   265


index =

   265


index =

   265


index =

   265


index =

   265


index =

   265


index =

   264


index =

   264


index =

   264


index =

   264


index =

   264


index =

   264


index =

   263


index =

   263


index =

   263


index =

   263


index =

   263


index =

   263


index =

   263


index =

   262


index =

   262


index =

   262


index =

   262


index =

   262


index =

   262


index =

   261


index =

   261


index =

   261


index =

   261


index =

   261


index =

   261


index =

   261


index =

   260


index =

   260


index =

   260


index =

   260


index =

   260


index =

   260


index =

   259


index =

   259


index =

   259


index =

   259


index =

   259


index =

   259


index =

   258


index =

   258


index =

   258


index =

   258


index =

   258


index =

   258


index =

   258


index =

   257


index =

   257


index =

   257


index =

   257


index =

   257


index =

   257


index =

   256


index =

   256


index =

   256


index =

   256


index =

   256


index =

   256


index =

   256


index =

   255


index =

   255


index =

   255


index =

   255


index =

   255


index =

   255


index =

   254


index =

   254


index =

   254


index =

   254


index =

   254


index =

   254


index =

   253


index =

   253


index =

   253


index =

   253


index =

   253


index =

   253


index =

   253


index =

   252


index =

   252


index =

   252


index =

   252


index =

   252


index =

   252


index =

   251


index =

   251


index =

   251


index =

   251


index =

   251


index =

   251


index =

   251


index =

   250


index =

   250


index =

   250


index =

   250


index =

   250


index =

   250


index =

   249


index =

   249


index =

   249


index =

   249


index =

   249


index =

   249


