
t_cmd =

    0.8644


t_cmd =

    0.8644


t_cmd =

    0.8644


t_cmd =

    0.8644


t_cmd =

    0.8644


t_cmd =

    0.8644


t_cmd =

    0.8644


t_cmd =

    0.8644


t_cmd =

    0.8644


t_cmd =

    0.8644


t_cmd =

    0.0942


t_cmd =

    0.0942


t_cmd =

    0.0942


t_cmd =

    0.0942


t_cmd =

    0.0942


t_cmd =

    0.0942


t_cmd =

    0.0942


t_cmd =

    0.0942


t_cmd =

    0.0942


t_cmd =

    0.0942


t_cmd =

   -0.8519


t_cmd =

   -0.8519


t_cmd =

   -0.8519


t_cmd =

   -0.8519


t_cmd =

   -0.8519


t_cmd =

   -0.8519


t_cmd =

   -0.8519


t_cmd =

   -0.8519


t_cmd =

   -0.8519


t_cmd =

   -0.8519


t_cmd =

   -0.8519


t_cmd =

    0.8735


t_cmd =

    0.8735


t_cmd =

    0.8735


t_cmd =

    0.8735


t_cmd =

    0.8735


t_cmd =

    0.8735


t_cmd =

    0.8735


t_cmd =

    0.8735


t_cmd =

    0.8735


t_cmd =

    0.8735


t_cmd =

   -0.4380


t_cmd =

   -0.4380


t_cmd =

   -0.4380


t_cmd =

   -0.4380


t_cmd =

   -0.4380


t_cmd =

   -0.4380


t_cmd =

   -0.4380


t_cmd =

   -0.4380


t_cmd =

   -0.4380


t_cmd =

   -0.4380


t_cmd =

   -0.4297


t_cmd =

   -0.4297


t_cmd =

   -0.4297


t_cmd =

   -0.4297


t_cmd =

   -0.4297


t_cmd =

   -0.4297


t_cmd =

   -0.4297


t_cmd =

   -0.4297


t_cmd =

   -0.4297


t_cmd =

   -0.4297


t_cmd =

   -1.1027


t_cmd =

   -1.1027


t_cmd =

   -1.1027


t_cmd =

   -1.1027


t_cmd =

   -1.1027


t_cmd =

   -1.1027


t_cmd =

   -1.1027


t_cmd =

   -1.1027


t_cmd =

   -1.1027


t_cmd =

   -1.1027


t_cmd =

    0.3962


t_cmd =

    0.3962


t_cmd =

    0.3962


t_cmd =

    0.3962


t_cmd =

    0.3962


t_cmd =

    0.3962


t_cmd =

    0.3962


t_cmd =

    0.3962


t_cmd =

    0.3962


t_cmd =

    0.3962


t_cmd =

   -0.9649


t_cmd =

   -0.9649


t_cmd =

   -0.9649


t_cmd =

   -0.9649


t_cmd =

   -0.9649


t_cmd =

   -0.9649


t_cmd =

   -0.9649


t_cmd =

   -0.9649


t_cmd =

   -0.9649


t_cmd =

   -0.9649


t_cmd =

    0.1684


t_cmd =

    0.1684


t_cmd =

    0.1684


t_cmd =

    0.1684


t_cmd =

    0.1684


t_cmd =

    0.1684


t_cmd =

    0.1684


t_cmd =

    0.1684


t_cmd =

    0.1684


t_cmd =

    0.1684


t_cmd =

   -1.9654


t_cmd =

   -1.9654


t_cmd =

   -1.9654


t_cmd =

   -1.9654


t_cmd =

   -1.9654


t_cmd =

   -1.9654


t_cmd =

   -1.9654


t_cmd =

   -1.9654


t_cmd =

   -1.9654


t_cmd =

   -1.9654


t_cmd =

   -0.7443


t_cmd =

   -0.7443


t_cmd =

   -0.7443


t_cmd =

   -0.7443


t_cmd =

   -0.7443


t_cmd =

   -0.7443


t_cmd =

   -0.7443


t_cmd =

   -0.7443


t_cmd =

   -0.7443


t_cmd =

   -0.7443


t_cmd =

   -0.5523


t_cmd =

   -0.5523


t_cmd =

   -0.5523


t_cmd =

   -0.5523


t_cmd =

   -0.5523


t_cmd =

   -0.5523


t_cmd =

   -0.5523


t_cmd =

   -0.5523


t_cmd =

   -0.5523


t_cmd =

   -0.5523


t_cmd =

   -0.8197


t_cmd =

   -0.8197


t_cmd =

   -0.8197


t_cmd =

   -0.8197


t_cmd =

   -0.8197


t_cmd =

   -0.8197


t_cmd =

   -0.8197


t_cmd =

   -0.8197


t_cmd =

   -0.8197


t_cmd =

   -0.8197


t_cmd =

    1.1091


t_cmd =

    1.1091


t_cmd =

    1.1091


t_cmd =

    1.1091


t_cmd =

    1.1091


t_cmd =

    1.1091


t_cmd =

    1.1091


t_cmd =

    1.1091


t_cmd =

    1.1091


t_cmd =

    1.1091


t_cmd =

   -0.6149


t_cmd =

   -0.6149


t_cmd =

   -0.6149


t_cmd =

   -0.6149


t_cmd =

   -0.6149


t_cmd =

   -0.6149


t_cmd =

   -0.6149


t_cmd =

   -0.6149


t_cmd =

   -0.6149


t_cmd =

   -0.6149


t_cmd =

   -0.2546


t_cmd =

   -0.2546


t_cmd =

   -0.2546


t_cmd =

   -0.2546


t_cmd =

   -0.2546


t_cmd =

   -0.2546


t_cmd =

   -0.2546


t_cmd =

   -0.2546


t_cmd =

   -0.2546


t_cmd =

   -0.2546


t_cmd =

   -0.2698


t_cmd =

   -0.2698


t_cmd =

   -0.2698


t_cmd =

   -0.2698


t_cmd =

   -0.2698


t_cmd =

   -0.2698


t_cmd =

   -0.2698


t_cmd =

   -0.2698


t_cmd =

   -0.2698


t_cmd =

   -1.6720


t_cmd =

   -1.6720


t_cmd =

   -1.6720


t_cmd =

   -1.6720


t_cmd =

   -1.6720


t_cmd =

   -1.6720


t_cmd =

   -1.6720


t_cmd =

   -1.6720


t_cmd =

   -1.6720


t_cmd =

   -1.6720


t_cmd =

   -1.8760


t_cmd =

   -1.8760


t_cmd =

   -1.8760


t_cmd =

   -1.8760


t_cmd =

   -1.8760


t_cmd =

   -1.8760


t_cmd =

   -1.8760


t_cmd =

   -1.8760


t_cmd =

   -1.8760


t_cmd =

   -1.8760


t_cmd =

    0.5750


t_cmd =

    0.5750


t_cmd =

    0.5750


t_cmd =

    0.5750


t_cmd =

    0.5750


t_cmd =

    0.5750


t_cmd =

    0.5750


t_cmd =

    0.5750


t_cmd =

    0.5750


t_cmd =

    0.5750


t_cmd =

   -0.8661


t_cmd =

   -0.8661


t_cmd =

   -0.8661


t_cmd =

   -0.8661


t_cmd =

   -0.8661


t_cmd =

   -0.8661


t_cmd =

   -0.8661


t_cmd =

   -0.8661


t_cmd =

   -0.8661


t_cmd =

   -0.8661


t_cmd =

   -2.1165


t_cmd =

   -2.1165


t_cmd =

   -2.1165


t_cmd =

   -2.1165


t_cmd =

   -2.1165


t_cmd =

   -2.1165


t_cmd =

   -2.1165


t_cmd =

   -2.1165


t_cmd =

   -2.1165


t_cmd =

   -2.1165


t_cmd =

   -0.9645


t_cmd =

   -0.9645


t_cmd =

   -0.9645


t_cmd =

   -0.9645


t_cmd =

   -0.9645


t_cmd =

   -0.9645


t_cmd =

   -0.9645


t_cmd =

   -0.9645


t_cmd =

   -0.9645


t_cmd =

   -0.9645


t_cmd =

    0.2127


t_cmd =

    0.2127


t_cmd =

    0.2127


t_cmd =

    0.2127


t_cmd =

    0.2127


t_cmd =

    0.2127


t_cmd =

    0.2127


t_cmd =

    0.2127


t_cmd =

    0.2127


t_cmd =

    0.2127


t_cmd =

    0.4779


t_cmd =

    0.4779


t_cmd =

    0.4779


t_cmd =

    0.4779


t_cmd =

    0.4779


t_cmd =

    0.4779


t_cmd =

    0.4779


t_cmd =

    0.4779


t_cmd =

    0.4779


t_cmd =

    0.4779


t_cmd =

    0.1007


t_cmd =

    0.1007


t_cmd =

    0.1007


t_cmd =

    0.1007


t_cmd =

    0.1007


t_cmd =

    0.1007


t_cmd =

    0.1007


t_cmd =

    0.1007


t_cmd =

    0.1007


t_cmd =

    0.1007


t_cmd =

    0.2974


t_cmd =

    0.2974


t_cmd =

    0.2974


t_cmd =

    0.2974


t_cmd =

    0.2974


t_cmd =

    0.2974


t_cmd =

    0.2974


t_cmd =

    0.2974


t_cmd =

    0.2974


t_cmd =

    0.2974


t_cmd =

    0.5701


t_cmd =

    0.5701


t_cmd =

    0.5701


t_cmd =

    0.5701


t_cmd =

    0.5701


t_cmd =

    0.5701


t_cmd =

    0.5701


t_cmd =

    0.5701


t_cmd =

    0.5701


t_cmd =

    0.5701


t_cmd =

   -1.6245


t_cmd =

   -1.6245


t_cmd =

   -1.6245


t_cmd =

   -1.6245


t_cmd =

   -1.6245


t_cmd =

   -1.6245


