if system_dependent('IsDebugMode')==1, dbquit all; end
if system_dependent('IsDebugMode')==1, dbcont; end

myInput =

   1.0e-03 *

  1 —ñ‚©‚ç 13 —ñ

    0.0490    0.3266    0.2095   -0.4794   -0.1858    0.0561   -0.0537   -0.4553   -0.4483   -0.0173   -0.4748   -0.4782    0.2291

  14 —ñ‚©‚ç 26 —ñ

   -0.2663   -0.3158   -0.2003   -0.2131    0.3436   -0.2416    0.0089    0.0021    0.4357    0.2834    0.4848   -0.3061    0.4458

  27 —ñ‚©‚ç 39 —ñ

    0.2423   -0.2983   -0.4546   -0.3097   -0.3960   -0.4713   -0.1314    0.2987   -0.4480   -0.4114    0.4229    0.2007    0.4969

  40 —ñ‚©‚ç 52 —ñ

   -0.3108    0.1055   -0.1333   -0.1485    0.1415    0.1887    0.0308   -0.1158    0.4885   -0.0362    0.1770    0.3781    0.3531

  53 —ñ‚©‚ç 65 —ñ

   -0.1791    0.0481   -0.1594    0.1204   -0.4129   -0.4822   -0.1454   -0.2271    0.0383   -0.2987   -0.4865    0.4462   -0.3975

  66 —ñ‚©‚ç 78 —ñ

    0.0916    0.4567   -0.2120   -0.0715   -0.4915    0.2121    0.3739    0.1867    0.4239    0.4826   -0.3920   -0.2180   -0.1256

  79 —ñ‚©‚ç 91 —ñ

    0.2611   -0.4704    0.2070    0.1301   -0.4062   -0.0326   -0.2681    0.0154    0.2513   -0.1804   -0.2212   -0.0510    0.4441

  92 —ñ‚©‚ç 104 —ñ

    0.1566   -0.3482   -0.2455    0.2609   -0.4967    0.0240    0.0721   -0.3480   -0.2569    0.4841    0.3626    0.4066    0.4036

  105 —ñ‚©‚ç 117 —ñ

   -0.2475    0.2578   -0.4060    0.4425    0.3943   -0.2694   -0.3053    0.0952   -0.4289    0.3241   -0.3652   -0.3287   -0.3150

  118 —ñ‚©‚ç 130 —ñ

   -0.0647    0.3378   -0.3416   -0.4871   -0.0780    0.2261   -0.4886    0.2762    0.1476    0.0887    0.2830    0.4420   -0.1526

  131 —ñ‚©‚ç 143 —ñ

   -0.4521    0.2549   -0.1678    0.0616   -0.2494   -0.4337    0.4443   -0.1800    0.1431    0.3458   -0.1024    0.1498    0.2950

  144 —ñ‚©‚ç 156 —ñ

    0.4697   -0.4731    0.2648   -0.4908   -0.0117    0.0390    0.3179   -0.4088   -0.2272    0.0713    0.0559   -0.0558   -0.1086

  157 —ñ‚©‚ç 169 —ñ

   -0.1421   -0.2700   -0.0609    0.1797    0.0346    0.4916    0.2555    0.4460   -0.3453    0.4639    0.1445    0.4767   -0.4063

  170 —ñ‚©‚ç 182 —ñ

    0.3845   -0.2809    0.1511    0.2802   -0.2752   -0.0506    0.3573   -0.1979    0.4402    0.2603    0.2414    0.3460    0.1178

  183 —ñ‚©‚ç 195 —ñ

    0.3696   -0.1019    0.0958    0.4285   -0.3038    0.0790    0.3234   -0.1604    0.0944   -0.0977   -0.0019   -0.4301    0.2295

  196 —ñ‚©‚ç 208 —ñ

    0.3122   -0.1592    0.0742   -0.1044    0.4182    0.3915   -0.0898    0.4328   -0.0038    0.3485   -0.3654    0.4942   -0.0126

  209 —ñ‚©‚ç 221 —ñ

   -0.0028   -0.1552    0.1325    0.0394    0.3434   -0.4100   -0.1238   -0.3824   -0.3328    0.2267   -0.1798    0.4800   -0.4792

  222 —ñ‚©‚ç 234 —ñ

   -0.2540   -0.0459   -0.4496    0.3747    0.1315   -0.2569   -0.3501   -0.4466    0.2250   -0.4333   -0.2830   -0.2876   -0.2674

  235 —ñ‚©‚ç 247 —ñ

   -0.2409    0.4204    0.1598   -0.4304   -0.0984    0.0134    0.2197   -0.0849    0.1766   -0.1264    0.2760   -0.3006    0.3845

  248 —ñ‚©‚ç 260 —ñ

   -0.2498    0.1388   -0.0386   -0.3723    0.1668   -0.0493   -0.3681    0.3454    0.1960    0.2459   -0.2438    0.3029   -0.4517

  261 —ñ‚©‚ç 273 —ñ

   -0.1583    0.4751   -0.3915   -0.4964    0.3680    0.2214    0.3381    0.2845   -0.0125    0.4363   -0.3151   -0.0574    0.0337

  274 —ñ‚©‚ç 286 —ñ

    0.1611    0.4434    0.3653    0.3915    0.3439   -0.0459   -0.2091    0.2831    0.0900   -0.1873    0.2597    0.0609    0.2933

  287 —ñ‚©‚ç 299 —ñ

   -0.3740   -0.1582    0.3030   -0.0486    0.4182   -0.3482   -0.1647    0.4549   -0.1587    0.3817    0.2985    0.0406   -0.4723

  300 —ñ‚©‚ç 301 —ñ

   -0.3355   -0.0531

if system_dependent('IsDebugMode')==1, dbcont; end
if system_dependent('IsDebugMode')==1, dbcont; end
