if system_dependent('IsDebugMode')==1, dbcont; end
if system_dependent('IsDebugMode')==1, dbquit all; end

myInput =

   1.0e-03 *

  1 —ñ‚©‚ç 13 —ñ

    0.1629    0.4983   -0.0301   -0.1495    0.0858    0.2479   -0.4503   -0.0220    0.3405   -0.1915   -0.3224   -0.2863    0.1154

  14 —ñ‚©‚ç 26 —ñ

    0.0215   -0.1162   -0.3802   -0.2034    0.2676    0.4563   -0.2601   -0.0167   -0.0701    0.0594   -0.3791    0.0105    0.3127

  27 —ñ‚©‚ç 39 —ñ

    0.3356   -0.2479    0.2147    0.0836   -0.1087   -0.1401    0.2655   -0.1582   -0.3439    0.1447    0.2621    0.0175    0.0951

  40 —ñ‚©‚ç 52 —ñ

    0.4485   -0.1630   -0.2658   -0.1194    0.0566   -0.1578   -0.0142    0.1640   -0.2643    0.1627    0.1462   -0.4850    0.4929

  53 —ñ‚©‚ç 65 —ñ

   -0.1486   -0.2523   -0.0627   -0.2950   -0.0719    0.4632    0.3415   -0.0586   -0.2260    0.0434   -0.3792   -0.2897    0.0126

  66 —ñ‚©‚ç 78 —ñ

   -0.0636   -0.3656   -0.3263    0.4722    0.0947    0.3172    0.3832    0.3923   -0.3765    0.2022    0.1813    0.2457   -0.1444

  79 —ñ‚©‚ç 91 —ñ

    0.3368    0.3584    0.4802   -0.0963   -0.2839   -0.1351   -0.2154   -0.4741   -0.0412    0.3453    0.0533   -0.4787    0.3309

  92 —ñ‚©‚ç 104 —ñ

    0.0549    0.2140    0.4096   -0.0891    0.2622   -0.3435    0.2264   -0.4556   -0.1836    0.2262   -0.3278    0.3692   -0.4153

  105 —ñ‚©‚ç 117 —ñ

   -0.1909   -0.0154   -0.0071   -0.1101    0.0713    0.2158   -0.3411   -0.4928   -0.3431    0.1111    0.2870   -0.1765    0.2762

  118 —ñ‚©‚ç 130 —ñ

    0.3148   -0.1776   -0.3644   -0.2847    0.4846    0.4572    0.4987   -0.2922    0.1024    0.2751   -0.4654    0.1860   -0.4633

  131 —ñ‚©‚ç 143 —ñ

    0.2521   -0.4537    0.4091    0.4314   -0.4012   -0.4864    0.0094    0.2289   -0.3765    0.1964    0.4257    0.1370   -0.3516

  144 —ñ‚©‚ç 156 —ñ

   -0.2232    0.3752    0.3218   -0.0438   -0.0089    0.2339   -0.0178    0.4097    0.1194   -0.1156   -0.3599    0.3575    0.1817

  157 —ñ‚©‚ç 169 —ñ

    0.3174    0.1711   -0.0190   -0.1843    0.3910    0.2046   -0.1576    0.3719   -0.3086    0.3154    0.0383   -0.3310   -0.3898

  170 —ñ‚©‚ç 182 —ñ

   -0.4929   -0.4711   -0.0677   -0.0320    0.4405   -0.2408    0.0400   -0.2263    0.0918   -0.0398    0.1588    0.0767   -0.2550

  183 —ñ‚©‚ç 195 —ñ

   -0.3935    0.3484   -0.2735   -0.1857    0.1364   -0.4824   -0.4782   -0.3814    0.3668   -0.1894   -0.1690    0.0317   -0.2333

  196 —ñ‚©‚ç 208 —ñ

    0.2049    0.0345   -0.1020   -0.2718   -0.2523   -0.4260   -0.2225    0.1415    0.2443   -0.0737   -0.2488    0.1935   -0.1873

  209 —ñ‚©‚ç 221 —ñ

    0.3495    0.0607    0.1180    0.0390    0.0209    0.3418   -0.4392   -0.1254    0.4596   -0.4458   -0.0229   -0.3767   -0.3703

  222 —ñ‚©‚ç 234 —ñ

   -0.2132   -0.3857    0.0919   -0.1367    0.3638   -0.4814    0.1421   -0.1956   -0.3225   -0.4107   -0.2281   -0.1328   -0.3312

  235 —ñ‚©‚ç 247 —ñ

   -0.0434   -0.1233    0.4460    0.2766   -0.3231    0.1810    0.2613    0.0070    0.3110    0.4597    0.3736    0.3359    0.2657

  248 —ñ‚©‚ç 260 —ñ

    0.2302   -0.2958   -0.3801   -0.1259    0.2309    0.2215   -0.0635    0.4616   -0.2698    0.1573    0.1076    0.2862   -0.1500

  261 —ñ‚©‚ç 273 —ñ

   -0.2472   -0.1295   -0.1363    0.1125   -0.3791   -0.2669    0.3115    0.2288    0.0999   -0.4545   -0.2211    0.3520    0.3510

  274 —ñ‚©‚ç 286 —ñ

    0.0962   -0.4585   -0.3418   -0.4032    0.3462   -0.2916   -0.3445    0.3267    0.2387    0.4402   -0.4768    0.1584    0.0902

  287 —ñ‚©‚ç 299 —ñ

   -0.0795   -0.3482    0.0993    0.0530   -0.4641    0.0119    0.0101   -0.1233   -0.0940   -0.4839    0.3529   -0.0104   -0.1561

  300 —ñ‚©‚ç 301 —ñ

   -0.3272   -0.3165

if system_dependent('IsDebugMode')==1, dbstep; end
if system_dependent('IsDebugMode')==1, dbstep; end
if system_dependent('IsDebugMode')==1, dbcont; end
