
index =

   300
   -30

{配列インデックスは正の整数または logical 値でなければなりません。

エラー: <a href="matlab:matlab.internal.language.introspective.errorDocCallback('Control', 'C:\Users\issei\Desktop\2018_Hoppingrover\entry01\Control.m', 34)" style="font-weight:bold">Control</a> (<a href="matlab: opentoline('C:\Users\issei\Desktop\2018_Hoppingrover\entry01\Control.m',34,0)">line 34</a>)
t_cmd = myInput(index);

エラー: <a href="matlab:matlab.internal.language.introspective.errorDocCallback('HRmain', 'C:\Users\issei\Desktop\2018_Hoppingrover\HRmain.m', 43)" style="font-weight:bold">HRmain</a> (<a href="matlab: opentoline('C:\Users\issei\Desktop\2018_Hoppingrover\HRmain.m',43,0)">line 43</a>)
			t_cmd = Control(pos,vel,the,omg,posT,t_,smt_,state, myInput);

エラー: <a href="matlab:matlab.internal.language.introspective.errorDocCallback('ga2', 'C:\Users\issei\Desktop\2018_Hoppingrover\ga2.m', 83)" style="font-weight:bold">ga2</a> (<a href="matlab: opentoline('C:\Users\issei\Desktop\2018_Hoppingrover\ga2.m',83,0)">line 83</a>)
        HRmain;
} 
ga2
  1 列から 16 列

    0.0003    0.0000   -0.0002    0.0001   -0.0001    0.0002   -0.0002   -0.0005    0.0000    0.0004   -0.0003    0.0002    0.0002    0.0004   -0.0001   -0.0003
    0.0003    0.0003   -0.0004    0.0001    0.0000   -0.0000    0.0001   -0.0002    0.0005   -0.0005   -0.0003    0.0003   -0.0005    0.0001   -0.0001    0.0003
    0.0003    0.0000   -0.0002    0.0001   -0.0001    0.0002   -0.0005   -0.0005   -0.0001    0.0004   -0.0003    0.0002    0.0002    0.0003   -0.0001   -0.0003
    0.0003    0.0003    0.0000    0.0001    0.0000   -0.0000   -0.0000   -0.0002    0.0005    0.0002   -0.0003    0.0002   -0.0005    0.0001   -0.0001    0.0003
    0.0003    0.0003   -0.0004    0.0001    0.0000   -0.0000    0.0001   -0.0002    0.0002   -0.0005   -0.0003    0.0002   -0.0005    0.0001   -0.0001    0.0003
    0.0003    0.0003   -0.0004    0.0001    0.0000   -0.0002   -0.0002   -0.0002   -0.0004    0.0004   -0.0003    0.0002    0.0002    0.0001   -0.0001   -0.0003
    0.0003    0.0003   -0.0004    0.0001    0.0000   -0.0000   -0.0000   -0.0002    0.0005   -0.0005   -0.0003    0.0002   -0.0005    0.0001   -0.0001   -0.0001
    0.0003    0.0003   -0.0004    0.0001    0.0000   -0.0002   -0.0002   -0.0002   -0.0004    0.0004   -0.0003    0.0002    0.0002    0.0001   -0.0001   -0.0003
    0.0003    0.0003   -0.0004    0.0001    0.0000    0.0005   -0.0002   -0.0002   -0.0004    0.0004   -0.0003    0.0002    0.0002    0.0001   -0.0001   -0.0003
    0.0003    0.0000   -0.0002    0.0002   -0.0001    0.0002   -0.0002   -0.0005    0.0000    0.0004   -0.0003    0.0002    0.0002    0.0004    0.0004   -0.0003

  17 列から 32 列

   -0.0003   -0.0002   -0.0005   -0.0001    0.0003    0.0003    0.0004    0.0002   -0.0004   -0.0001   -0.0004    0.0000   -0.0003   -0.0000    0.0000    0.0003
    0.0004    0.0002   -0.0005   -0.0003    0.0002   -0.0005    0.0004    0.0002   -0.0002    0.0002   -0.0004    0.0005    0.0004   -0.0000    0.0000    0.0003
   -0.0003   -0.0002   -0.0005   -0.0001    0.0003    0.0003    0.0004    0.0002   -0.0004   -0.0001   -0.0004    0.0000   -0.0003   -0.0000    0.0000    0.0003
    0.0004   -0.0002   -0.0005   -0.0003    0.0002   -0.0005    0.0004    0.0002    0.0001    0.0002   -0.0004    0.0005    0.0004   -0.0000    0.0000    0.0003
    0.0004    0.0002   -0.0005   -0.0003    0.0002   -0.0005    0.0004    0.0002    0.0001    0.0002   -0.0004    0.0005    0.0004   -0.0000    0.0000    0.0003
    0.0004   -0.0002   -0.0005   -0.0004    0.0002   -0.0005    0.0004    0.0002    0.0000    0.0002   -0.0004   -0.0002   -0.0003   -0.0000    0.0000   -0.0004
    0.0004   -0.0002   -0.0005   -0.0003    0.0002   -0.0005    0.0004    0.0002    0.0001    0.0002   -0.0004    0.0005    0.0004   -0.0000    0.0000    0.0003
    0.0004   -0.0002   -0.0005   -0.0003    0.0002   -0.0005    0.0004    0.0002    0.0000    0.0002   -0.0004   -0.0002    0.0004   -0.0000    0.0000   -0.0004
    0.0001   -0.0002   -0.0005    0.0001    0.0002   -0.0005    0.0004    0.0002    0.0000    0.0002   -0.0004   -0.0002   -0.0003   -0.0000    0.0000   -0.0004
   -0.0003   -0.0002   -0.0005   -0.0001    0.0003    0.0003    0.0004    0.0002   -0.0004   -0.0001   -0.0004    0.0000   -0.0003   -0.0000    0.0000    0.0003

  33 列から 48 列

    0.0001   -0.0002    0.0002   -0.0004    0.0000   -0.0003   -0.0002   -0.0001    0.0001   -0.0003    0.0001   -0.0002    0.0005   -0.0004   -0.0004    0.0002
   -0.0002   -0.0002    0.0002    0.0000    0.0005    0.0002   -0.0004   -0.0001   -0.0004   -0.0003   -0.0004   -0.0003    0.0005   -0.0000   -0.0004    0.0002
    0.0001   -0.0002    0.0002   -0.0004    0.0000   -0.0003   -0.0002   -0.0001    0.0001   -0.0003    0.0001   -0.0002    0.0005   -0.0004   -0.0004    0.0002
   -0.0002   -0.0002    0.0002    0.0000    0.0005    0.0002   -0.0004   -0.0001   -0.0004   -0.0003   -0.0004   -0.0003    0.0005   -0.0004   -0.0004    0.0002
   -0.0004   -0.0002    0.0002    0.0003    0.0004    0.0002   -0.0004   -0.0001   -0.0004   -0.0003   -0.0004   -0.0003    0.0005   -0.0000   -0.0004    0.0002
    0.0001   -0.0002    0.0002    0.0000    0.0002   -0.0002   -0.0002    0.0000    0.0002   -0.0003   -0.0004   -0.0004    0.0005   -0.0000   -0.0004    0.0003
   -0.0002   -0.0002    0.0002    0.0000    0.0005    0.0002   -0.0004   -0.0001   -0.0004   -0.0003   -0.0004   -0.0003    0.0005   -0.0000   -0.0004    0.0002
    0.0001   -0.0002    0.0002    0.0000   -0.0002   -0.0003    0.0004    0.0000    0.0002   -0.0003   -0.0004   -0.0004    0.0005   -0.0000   -0.0004    0.0003
    0.0001   -0.0002    0.0002    0.0000    0.0002   -0.0002    0.0003    0.0000    0.0002   -0.0003   -0.0004   -0.0004   -0.0001   -0.0000   -0.0004    0.0003
    0.0001    0.0003    0.0002   -0.0004    0.0000   -0.0003   -0.0002   -0.0001    0.0001   -0.0003    0.0001   -0.0002    0.0005   -0.0004   -0.0004    0.0002

  49 列から 64 列

    0.0002   -0.0002   -0.0002    0.0003   -0.0003    0.0005   -0.0001    0.0004    0.0004    0.0003   -0.0003    0.0003   -0.0001   -0.0001    0.0004    0.0000
   -0.0005    0.0004   -0.0002    0.0003   -0.0000   -0.0002    0.0003    0.0004    0.0004    0.0002   -0.0003   -0.0001   -0.0001   -0.0004    0.0004   -0.0003
    0.0002   -0.0002   -0.0002    0.0003   -0.0003    0.0005   -0.0001    0.0004    0.0004    0.0003   -0.0003    0.0003   -0.0001   -0.0001    0.0004    0.0000
   -0.0005    0.0004   -0.0002    0.0003   -0.0000   -0.0002    0.0003    0.0004    0.0004    0.0002   -0.0003    0.0003   -0.0001   -0.0001    0.0004   -0.0003
   -0.0005    0.0004   -0.0002    0.0003   -0.0000   -0.0002    0.0003    0.0004    0.0004    0.0002   -0.0003    0.0003   -0.0001   -0.0004    0.0004   -0.0003
   -0.0005   -0.0000    0.0005    0.0003   -0.0003    0.0002   -0.0003   -0.0000   -0.0003   -0.0001   -0.0003    0.0003   -0.0001    0.0000   -0.0001   -0.0004
    0.0002    0.0004    0.0003    0.0003   -0.0000   -0.0002    0.0003    0.0004    0.0004   -0.0002   -0.0003    0.0003   -0.0001   -0.0001    0.0001   -0.0003
   -0.0005    0.0004    0.0005    0.0003   -0.0003    0.0002    0.0003   -0.0000    0.0003    0.0002   -0.0003    0.0003   -0.0001    0.0000   -0.0001    0.0000
   -0.0003   -0.0000    0.0005    0.0003   -0.0003    0.0002   -0.0003   -0.0000   -0.0003    0.0002   -0.0003    0.0003   -0.0001    0.0000   -0.0001    0.0002
    0.0002   -0.0002   -0.0002    0.0003   -0.0003    0.0005   -0.0001    0.0004    0.0004    0.0003    0.0003    0.0003   -0.0001   -0.0001    0.0004    0.0000

  65 列から 80 列

    0.0003   -0.0002    0.0001    0.0000    0.0002    0.0001   -0.0001   -0.0002    0.0004   -0.0002   -0.0001    0.0003   -0.0003   -0.0000   -0.0002   -0.0001
   -0.0003   -0.0002   -0.0001    0.0001    0.0005    0.0001   -0.0001    0.0003   -0.0003   -0.0002   -0.0002    0.0003   -0.0003   -0.0000   -0.0002   -0.0004
