
index =

     0


index =

    0.1000


index =

    0.2000


index =

    0.3000


index =

    0.4000


index =

    0.5000


index =

    0.6000


index =

    0.7000


index =

    0.8000


index =

    0.9000


index =

    1.0000


index =

    1.1000


index =

    1.2000


index =

    1.3000


index =

    1.4000


index =

    1.5000


index =

    1.6000


index =

    1.7000


index =

    1.8000


index =

    1.9000


index =

    2.0000


index =

    2.1000


index =

    2.2000


index =

    2.3000


index =

    2.4000


index =

    2.5000


index =

    2.6000


index =

    2.7000


index =

    2.8000


index =

    2.9000


index =

    3.0000


index =

    3.1000


index =

    3.2000


index =

    3.3000


index =

    3.4000


index =

    3.5000


index =

    3.6000


index =

    3.7000


index =

    3.8000


index =

    3.9000


index =

    4.0000


index =

    4.1000


index =

    4.2000


index =

    4.3000


index =

    4.4000


index =

    4.5000


index =

    4.6000


index =

    4.7000


index =

    4.8000


index =

    4.9000


index =

    5.0000


index =

    5.1000


index =

    5.2000


index =

    5.3000


index =

    5.4000


index =

    5.5000


index =

    5.6000


index =

    5.7000


index =

    5.8000


index =

    5.9000


index =

    6.0000


index =

    6.1000


index =

    6.2000


index =

    6.3000


index =

    6.4000


index =

    6.5000


index =

    6.6000


index =

    6.7000


index =

    6.8000


index =

    6.9000


index =

    7.0000


index =

    7.1000


index =

    7.2000


index =

    7.3000


index =

    7.4000


index =

    7.5000


index =

    7.6000


index =

    7.7000


index =

    7.8000


index =

    7.9000


index =

    8.0000


index =

    8.1000


index =

    8.2000


index =

    8.3000


index =

    8.4000


index =

    8.5000


index =

    8.6000


index =

    8.7000


index =

    8.8000


index =

    8.9000


index =

    9.0000


index =

    9.1000


index =

    9.2000


index =

    9.3000


index =

    9.4000


index =

    9.5000


index =

    9.6000


index =

    9.7000


index =

    9.8000


index =

    9.9000


index =

   10.0000


index =

   10.1000


index =

   10.2000


index =

   10.3000


index =

   10.4000


index =

   10.5000


index =

   10.6000


index =

   10.7000


index =

   10.8000


index =

   10.9000


index =

   11.0000


index =

   11.1000


index =

   11.2000


index =

   11.3000


index =

   11.4000


index =

   11.5000


index =

   11.6000


index =

   11.7000


index =

   11.8000


index =

   11.9000


index =

   12.0000


index =

   12.1000


index =

   12.2000


index =

   12.3000


index =

   12.4000


index =

   12.5000


index =

   12.6000


index =

   12.7000


index =

   12.8000


index =

   12.9000


index =

   13.0000


index =

   13.1000


index =

   13.2000


index =

   13.3000


index =

   13.4000


index =

   13.5000


index =

   13.6000


index =

   13.7000


index =

   13.8000


index =

   13.9000


index =

   14.0000


index =

   14.1000


index =

   14.2000


index =

   14.3000


index =

   14.4000


index =

   14.5000


index =

   14.6000


index =

   14.7000


index =

   14.8000


index =

   14.9000


index =

   15.0000


index =

   15.1000


index =

   15.2000


index =

   15.3000


index =

   15.4000


index =

   15.5000


index =

   15.6000


index =

   15.7000


index =

   15.8000


index =

   15.9000


index =

   16.0000


index =

   16.1000


index =

   16.2000


index =

   16.3000


index =

   16.4000


index =

   16.5000


index =

   16.6000


index =

   16.7000


index =

   16.8000


index =

   16.9000


index =

   17.0000


index =

   17.1000


index =

   17.2000


index =

   17.3000


index =

   17.4000


index =

   17.5000


index =

   17.6000


index =

   17.7000


index =

   17.8000


index =

   17.9000


index =

   18.0000


index =

   18.1000


index =

   18.2000


index =

   18.3000


index =

   18.4000


index =

   18.5000


index =

   18.6000


index =

   18.7000


index =

   18.8000


index =

   18.9000


index =

   19.0000


index =

   19.1000


index =

   19.2000


index =

   19.3000


index =

   19.4000


index =

   19.5000


index =

   19.6000


index =

   19.7000


index =

   19.8000


index =

   19.9000


index =

   20.0000


index =

   20.1000


index =

   20.2000


index =

   20.3000


index =

   20.4000


index =

   20.5000


index =

   20.6000


index =

   20.7000


index =

   20.8000


index =

   20.9000


index =

   21.0000


index =

   21.1000


index =

   21.2000


index =

   21.3000


index =

   21.4000


index =

   21.5000


index =

   21.6000


index =

   21.7000


index =

   21.8000


index =

   21.9000


index =

   22.0000


index =

   22.1000


index =

   22.2000


index =

   22.3000


index =

   22.4000


index =

   22.5000


index =

   22.6000


index =

   22.7000


index =

   22.8000


index =

   22.9000


index =

   23.0000


index =

   23.1000


index =

   23.2000


index =

   23.3000


index =

   23.4000


index =

   23.5000


index =

   23.6000


index =

   23.7000


index =

   23.8000


index =

   23.9000


index =

   24.0000


index =

   24.1000


index =

   24.2000


index =

   24.3000


index =

   24.4000


index =

   24.5000


index =

   24.6000


index =

   24.7000


index =

   24.8000


index =

   24.9000


index =

   25.0000


index =

   25.1000


index =

   25.2000


index =

   25.3000


index =

   25.4000


index =

   25.5000


index =

   25.6000


index =

   25.7000


index =

   25.8000


index =

   25.9000


index =

   26.0000


index =

   26.1000


index =

   26.2000


index =

   26.3000


index =

   26.4000


index =

   26.5000


index =

   26.6000


index =

   26.7000


index =

   26.8000


index =

   26.9000


index =

   27.0000


index =

   27.1000


index =

   27.2000


index =

   27.3000


index =

   27.4000


index =

   27.5000


index =

   27.6000


index =

   27.7000


index =

   27.8000


index =

   27.9000


index =

   28.0000


index =

   28.1000


index =

   28.2000


index =

   28.3000


index =

   28.4000


index =

   28.5000


index =

   28.6000


index =

   28.7000


index =

   28.8000


index =

   28.9000


index =

   29.0000


index =

   29.1000


index =

   29.2000


index =

   29.3000


index =

   29.4000


index =

   29.5000


